stock_code,trade_status,final_pnl,holding_days,MFE,MAE,raw_score_v12,best_ma,deep_touches,burst_ratio,ma_slope,drop_velocity,vol_ratio,amplitude
sh688082,止盈成功,0.0750,5,0.0952,0.0000,154,240,9,0.4792,0.0260,-0.0808,1.0731,0.5863
sh600143,持仓到期,0.0234,5,0.0409,-0.0002,74,200,12,0.3000,0.0392,-0.0580,0.6851,0.4020
sh603091,止盈成功,0.0980,3,0.1087,0.0000,93,200,8,0.2354,0.0381,-0.0917,0.7299,0.2868
sh603283,未成交,0.0000,0,0.0000,0.0000,74,200,14,0.3405,0.0025,-0.1110,0.4924,0.4369
sh600172,止盈成功,0.0980,4,0.1191,-0.0187,225,60,9,0.4859,0.1242,-0.2435,0.4511,1.3653
sh600603,持仓到期,0.0311,7,0.0688,-0.0081,77,60,16,0.1970,0.0436,-0.1573,0.8841,0.4764
sh600183,止盈成功,0.0980,1,0.0988,0.0000,216,200,4,0.4026,0.0617,-0.1698,0.7514,0.4662
sh603396,持仓到期,0.0364,5,0.0470,-0.0168,183,120,6,0.5345,0.0495,-0.1191,1.1647,1.0593
sh601198,未成交,0.0000,0,0.0000,0.0000,51,200,17,0.1951,0.0214,-0.0789,0.8926,0.3166
sh600895,持仓到期,0.0206,5,0.0714,-0.0010,95,240,9,0.2908,0.0243,-0.0809,1.3942,0.6401
sh600596,未成交,0.0000,0,0.0000,0.0000,128,200,9,0.2979,0.0345,-0.1387,0.6795,0.4779
sh600846,持仓到期,0.0284,6,0.0453,0.0000,77,240,8,0.1694,0.0247,-0.1270,0.8119,0.5714
sh600329,持仓到期,0.0136,0,0.0000,0.0000,76,240,6,0.1821,0.0214,-0.0713,1.3053,0.2643
sh600226,止盈成功,0.0980,2,0.1142,0.0000,145,150,9,0.3835,0.0656,-0.1248,0.5601,0.6616
sh603878,持仓到期,0.0319,6,0.0593,0.0000,137,240,8,0.2926,0.0277,-0.1518,0.5840,0.7514
sh688648,止盈成功,0.0980,1,0.1033,0.0000,149,240,8,0.2686,0.0518,-0.1288,0.7606,0.5483
sh605183,持仓到期,0.0366,6,0.0436,-0.0089,64,240,13,0.2466,0.0127,-0.1976,0.9140,0.3071
sh603986,止盈成功,0.0980,4,0.1398,-0.0115,157,90,5,0.2951,0.0474,-0.1871,1.2788,0.8816
sh688281,止盈成功,0.0750,6,0.0799,-0.0095,145,200,8,0.5593,0.0093,-0.1184,0.8257,0.8234
sh603216,止盈成功,0.0980,2,0.1569,0.0000,200,120,8,0.8129,0.1048,-0.1124,0.5350,2.8158
sh603228,未成交,0.0000,0,0.0000,0.0000,153,240,6,0.2749,0.0350,-0.1441,0.8307,0.5417
sh688261,止盈成功,0.0750,5,0.0821,0.0000,212,200,7,0.4908,0.0563,-0.1809,0.7366,0.8963
sh600580,持仓到期,0.0341,5,0.0627,-0.0066,132,200,9,0.2775,0.0390,-0.0916,0.7098,0.3983
sh603766,止盈成功,0.0750,5,0.1292,0.0000,60,240,8,0.2216,0.0226,-0.1261,2.2281,0.4089
sh603181,持仓到期,0.0473,6,0.0731,0.0000,72,240,16,0.2009,0.0176,-0.1454,0.6200,0.5297
sh688416,未成交,0.0000,0,0.0000,0.0000,216,120,4,0.7031,0.0995,-0.2931,0.7743,1.5549
sh688433,止盈成功,0.0750,5,0.1206,-0.0504,178,90,12,0.4085,0.1020,-0.1800,0.7366,1.3646
sh600685,止盈成功,0.0750,5,0.0841,0.0000,131,240,10,0.3640,0.0223,-0.1403,0.7317,0.5100
sh603088,止盈成功,0.0750,5,0.1219,-0.0425,99,60,13,0.1793,0.0680,-0.1057,0.8875,0.4738
sh600028,未成交,0.0000,0,0.0000,0.0000,86,240,15,0.3843,0.0062,-0.0651,0.4264,0.5389
sh603187,止盈成功,0.0750,5,0.0912,0.0000,93,200,6,0.1934,0.0274,-0.1297,1.2258,0.2608
sh600096,持仓到期,0.0148,8,0.0465,-0.0422,207,120,6,0.3472,0.0566,-0.1920,0.4847,0.7820
sh688269,持仓到期,0.0025,5,0.0398,-0.0007,192,240,8,0.4508,0.0303,-0.1566,0.4752,0.5119
sh688766,止盈成功,0.0980,2,0.1233,0.0000,167,60,10,0.3305,0.2038,-0.2212,1.0093,3.0274
sh600737,持仓到期,0.0072,7,0.0531,0.0000,136,240,3,0.3587,0.0320,-0.1001,0.6733,0.4538
sh600378,未成交,0.0000,0,0.0000,0.0000,120,200,9,0.3175,0.0259,-0.0866,0.9218,0.4424
sh600688,持仓到期,-0.0187,8,0.0293,-0.0221,148,200,9,0.3430,0.0089,-0.1101,0.3384,0.4904
sh601890,持仓到期,0.0259,6,0.0477,0.0000,180,240,8,0.4084,0.0144,-0.1491,0.4836,0.5234
sh603610,持仓到期,0.0248,6,0.0735,0.0000,149,240,8,0.3192,0.0284,-0.2112,0.7568,0.4481
sh600962,持仓到期,-0.0105,8,0.0320,-0.0259,124,240,8,0.3460,0.0250,-0.0748,0.7137,0.4415
sh688472,持仓到期,0.0232,5,0.0627,-0.0078,157,200,3,0.3763,0.0399,-0.1734,0.7072,1.1298
sh688135,止盈成功,0.0980,2,0.1605,0.0000,150,240,8,0.5533,0.0281,-0.1391,0.6797,0.6129
sh000685,止盈成功,0.0980,3,0.1014,0.0000,94,150,9,0.2048,0.0461,-0.0568,0.9846,0.3635
sh601061,持仓到期,0.0401,5,0.0656,-0.0118,167,200,7,0.4952,0.0422,-0.1243,0.9904,0.9639
sh603556,止盈成功,0.0750,5,0.1035,-0.0038,145,150,8,0.2786,0.0377,-0.1439,0.7010,0.6119
sh603926,持仓到期,-0.0198,8,0.0346,-0.0303,167,150,8,0.5624,0.0489,-0.0786,1.0761,0.9859
sh688147,止盈成功,0.0980,3,0.1218,-0.0075,187,120,9,0.4766,0.0600,-0.1078,0.9762,1.0741
sh600509,持仓到期,0.0081,3,0.0335,0.0000,114,150,5,0.2163,0.0365,-0.1163,0.4227,0.2938
sh688733,止盈成功,0.0750,5,0.0893,-0.0124,199,200,9,0.2881,0.0442,-0.1941,0.3878,0.5375
sh688787,止损出局,0.0067,1,0.0000,0.0000,124,90,14,0.2665,0.0548,-0.1870,0.5915,0.9862
sh688429,止盈成功,0.0750,5,0.1204,-0.0525,82,240,15,0.2790,0.0029,-0.1452,1.0115,0.4898
sh603097,未成交,0.0000,0,0.0000,0.0000,153,90,8,0.3291,0.0652,-0.1213,0.5884,0.9448
sh688199,止盈成功,0.0980,2,0.0997,0.0000,120,240,8,0.3815,0.0262,-0.1094,0.6622,0.4878
sh600638,持仓到期,0.0347,6,0.0694,0.0000,58,240,19,0.2650,0.0157,-0.1165,0.6220,0.4007
sh603823,持仓到期,0.0051,6,0.0436,-0.0128,153,200,9,0.3147,0.0369,-0.0990,0.4960,0.4004
sh603173,持仓到期,0.0531,7,0.0911,0.0000,124,240,9,0.2673,0.0326,-0.0743,0.6191,0.5001
sh600475,持仓到期,-0.0142,5,0.0467,-0.0165,199,200,8,0.3338,0.0530,-0.1871,0.3491,0.7412
sh688233,止盈成功,0.0980,3,0.1099,0.0000,187,120,8,0.5417,0.0972,-0.1229,1.0625,1.5914
sh688201,持仓到期,0.0174,5,0.0599,-0.0119,174,200,8,0.2785,0.0409,-0.1404,0.5894,0.4314
sh600160,持仓到期,0.0111,6,0.0646,-0.0327,120,200,8,0.2716,0.0307,-0.1066,0.6782,0.3485
sh603171,止盈成功,0.0750,5,0.1083,-0.0172,142,240,9,0.6031,0.0103,-0.0840,0.5868,1.0756
sh603516,止损出局,0.0050,1,0.0000,0.0000,204,200,7,0.5868,0.0823,-0.1646,0.7613,1.0021
sh603901,止盈成功,0.0750,5,0.0967,0.0000,112,240,9,0.3771,0.0136,-0.1061,0.8929,0.5125
sh688283,止盈成功,0.0750,6,0.1218,0.0000,183,150,8,0.5385,0.0464,-0.1205,0.9798,0.9737
sh600262,止盈成功,0.0980,3,0.1221,0.0000,142,240,9,0.4419,0.0237,-0.1130,0.7114,0.6700
sh600113,持仓到期,-0.0324,8,0.0211,-0.0445,182,200,4,0.2962,0.0832,-0.1413,0.9566,0.5751
sh603655,止盈成功,0.0980,2,0.1040,-0.0012,136,200,5,0.2924,0.0357,-0.1088,0.5610,0.4377
sh688316,止盈成功,0.0980,4,0.1672,0.0000,166,90,9,0.3998,0.0511,-0.1639,0.7778,0.7564
sh600623,止盈成功,0.0980,4,0.1399,0.0000,158,60,5,0.2808,0.1109,-0.1375,0.4380,0.7147
sh603232,止盈成功,0.0750,5,0.1219,-0.0081,233,200,9,0.4142,0.0410,-0.1446,0.3671,1.1356
sh601600,止盈成功,0.0980,2,0.1402,0.0000,174,120,9,0.3577,0.0699,-0.1695,0.8452,1.1049
sh600888,止盈成功,0.0750,5,0.0871,0.0000,178,200,9,0.2762,0.0223,-0.1560,0.4275,0.3642
sh688680,未成交,0.0000,0,0.0000,0.0000,125,200,17,0.5761,0.0162,-0.1661,0.7450,1.0588
sh600569,持仓到期,0.0185,6,0.0614,0.0000,170,240,8,0.2695,0.0197,-0.2049,0.4666,0.3702
sh600819,持仓到期,0.0295,6,0.0545,0.0000,136,240,7,0.2593,0.0255,-0.0915,1.0010,0.4435
sh603315,止盈成功,0.0980,1,0.1653,0.0000,70,240,10,0.2882,0.0034,-0.1210,0.5807,0.4303
sh688600,止盈成功,0.0750,5,0.1332,-0.0075,120,200,8,0.2779,0.0197,-0.0982,0.6917,0.4993
sh600021,止盈成功,0.0750,6,0.0839,-0.0102,178,200,5,0.3509,0.0601,-0.1230,0.4304,0.7510
sh603057,持仓到期,0.0023,8,0.0842,-0.0267,213,90,8,0.4537,0.0824,-0.1633,0.4713,1.1158
sh688326,止盈成功,0.0750,7,0.0884,-0.0150,62,150,19,0.3958,0.0300,-0.1057,1.0789,0.8391
sh688549,止盈成功,0.0980,1,0.1184,0.0000,62,240,10,0.2736,0.0114,-0.1145,0.7591,0.3929
sh603090,止盈成功,0.0980,1,0.1260,0.0000,175,120,7,0.6421,0.0559,-0.0705,0.8769,1.4178
sz300690,止盈成功,0.0750,5,0.0971,0.0000,216,240,6,0.4151,0.0318,-0.2793,0.4901,0.4725
sz002270,持仓到期,0.0078,5,0.0434,-0.0348,149,120,9,0.3729,0.0687,-0.1280,0.6714,0.9715
sz002164,止盈成功,0.0980,3,0.1583,0.0000,65,240,9,0.2322,0.0255,-0.0613,0.7020,0.6341
sz002284,止盈成功,0.0750,5,0.0849,0.0000,158,200,3,0.4043,0.0208,-0.1497,1.4986,0.6170
sz002706,持仓到期,0.0485,5,0.0672,-0.0334,157,240,9,0.3054,0.0167,-0.1588,0.7813,0.4251
sz300641,持仓到期,-0.0009,6,0.0430,-0.0068,155,60,16,0.2785,0.0528,-0.2190,0.5911,0.5023
sz300602,未成交,0.0000,0,0.0000,0.0000,208,200,7,0.4058,0.0459,-0.1437,0.6394,0.5860
sz000655,持仓到期,-0.0241,6,0.0623,-0.0346,120,240,8,0.3697,0.0238,-0.1283,0.7075,0.4671
sz300836,止盈成功,0.0980,2,0.1339,0.0000,153,150,5,0.3320,0.0359,-0.1060,0.5414,0.4996
sz300373,未成交,0.0000,0,0.0000,0.0000,99,150,8,0.3186,0.0356,-0.0974,1.3863,0.5178
sz300250,持仓到期,0.0527,6,0.0778,0.0000,112,240,9,0.3499,0.0184,-0.0753,0.6198,0.7398
sz300446,持仓到期,0.0202,5,0.0471,-0.0023,86,200,12,0.2931,0.0176,-0.0726,0.9651,0.9596
sz300428,持仓到期,0.0093,5,0.0330,-0.0059,137,240,9,0.2978,0.0112,-0.1232,0.5421,0.3944
sz300921,持仓到期,0.0187,5,0.0530,-0.0212,101,150,14,0.3808,0.0055,-0.1055,0.6853,0.6507
sz300410,止盈成功,0.0980,2,0.1337,0.0000,114,240,8,0.2195,0.0304,-0.1304,0.5463,0.4222
sz002658,持仓到期,0.0154,8,0.0457,-0.0329,183,240,5,0.4013,0.0258,-0.1539,0.6676,0.5148
sz300423,持仓到期,0.0324,6,0.0618,0.0000,233,150,9,0.4403,0.0412,-0.2102,0.3029,0.8187
sz000852,持仓到期,0.0122,6,0.0490,0.0000,75,240,17,0.3576,0.0015,-0.1372,0.3613,0.5328
sz300141,止盈成功,0.0980,2,0.1404,0.0000,186,150,5,0.3684,0.0467,-0.0953,0.5152,1.1833
sz002090,持仓到期,0.0604,6,0.0718,0.0000,57,240,9,0.2104,0.0128,-0.0811,0.6355,0.3064
sz002156,止盈成功,0.0750,5,0.1326,0.0000,149,120,8,0.3829,0.0416,-0.1124,0.6565,0.7085
sz002165,止盈成功,0.0750,5,0.0886,0.0000,237,90,8,0.5408,0.0568,-0.2479,0.3985,1.0762
sz300818,止盈成功,0.0980,3,0.0996,0.0000,200,150,7,0.7477,0.0558,-0.1452,0.6841,1.2204
sz002683,止盈成功,0.0980,4,0.1109,-0.0225,120,240,9,0.3794,0.0261,-0.1176,0.5752,0.5027
sz300578,止盈成功,0.0980,4,0.1264,0.0000,122,240,9,0.4174,0.0042,-0.1044,0.5531,0.9304
sz300223,止盈成功,0.0980,4,0.1033,0.0000,178,120,11,0.4205,0.0605,-0.1907,0.7061,0.9867
sz000923,未成交,0.0000,0,0.0000,0.0000,150,200,8,0.4996,0.0346,-0.1195,0.8459,0.7463
sz002647,未成交,0.0000,0,0.0000,0.0000,136,90,7,0.2509,0.0645,-0.1198,1.3788,0.7013
sz300376,持仓到期,-0.0290,5,0.0026,-0.0510,153,120,5,0.3046,0.0492,-0.1189,0.9785,0.7221
sz002163,持仓到期,0.0221,6,0.0469,0.0000,120,200,11,0.4304,0.0375,-0.0944,0.7406,1.6459
sz300249,止盈成功,0.0980,3,0.1049,0.0000,48,60,18,0.2500,0.0651,-0.1383,0.6578,0.5465
sz300504,未成交,0.0000,0,0.0000,0.0000,80,90,17,0.2725,0.0277,-0.1630,0.3811,0.4483
sz002040,持仓到期,-0.0245,8,0.0282,-0.0293,145,240,9,0.2901,0.0311,-0.0856,0.4103,0.4217
sz002248,止盈成功,0.0750,5,0.0931,0.0000,128,150,9,0.3046,0.0342,-0.1255,0.7977,0.5801
sz300655,持仓到期,0.0321,6,0.0656,0.0000,167,200,8,0.4754,0.0446,-0.1148,0.7760,0.6042
sz300551,持仓到期,0.0262,6,0.0941,0.0000,233,200,3,0.5196,0.0587,-0.2728,0.5418,0.8493
sz000400,持仓到期,0.0271,1,0.0365,0.0000,153,150,5,0.2705,0.0322,-0.0903,0.3916,0.4336
sz002121,持仓到期,0.0100,5,0.0478,-0.0122,211,200,3,0.3352,0.0525,-0.1719,0.3905,0.4733
sz300767,止盈成功,0.0980,3,0.1481,-0.0126,114,200,7,0.1839,0.0508,-0.1133,0.7376,0.4543
sz002414,持仓到期,0.0058,5,0.0688,0.0000,154,200,8,0.4389,0.0379,-0.0978,0.7960,0.5997
sz002396,止盈成功,0.0980,4,0.1028,0.0000,124,240,7,0.2578,0.0230,-0.1394,0.8101,0.3644
sz002138,止盈成功,0.0750,5,0.0879,0.0000,132,200,7,0.2918,0.0275,-0.1256,0.6792,0.3463
sz002562,持仓到期,0.0022,6,0.0431,-0.0097,157,240,8,0.2917,0.0288,-0.1262,0.4763,0.4718
sz300726,未成交,0.0000,0,0.0000,0.0000,128,200,7,0.3512,0.0245,-0.1209,0.6339,0.6562
sz300599,止盈成功,0.0980,4,0.1202,-0.0039,199,90,9,0.2631,0.0463,-0.1606,0.4448,0.6762
sz000959,持仓到期,-0.0490,8,0.0365,-0.0532,97,150,8,0.2494,0.0278,-0.1509,1.3263,0.4962
sz002492,止盈成功,0.0980,3,0.1056,0.0000,153,240,8,0.3640,0.0313,-0.1066,0.4828,0.4312
sz001296,止盈成功,0.0750,6,0.0952,0.0000,137,200,9,0.2720,0.0311,-0.0719,0.5361,0.5722
sz002552,止盈成功,0.0980,1,0.0984,0.0000,130,240,9,0.4036,0.0118,-0.1227,0.7874,0.5056
sz002158,止盈成功,0.0980,3,0.1000,-0.0038,108,240,7,0.2776,0.0096,-0.0729,0.7372,0.3129
sz300467,止盈成功,0.0750,5,0.0920,0.0000,128,150,8,0.2718,0.0297,-0.0837,0.6450,0.6224
sz002967,持仓到期,0.0325,5,0.0549,-0.0075,90,200,12,0.3023,0.0204,-0.0753,1.1177,0.4544
sz001234,止盈成功,0.0980,4,0.1309,0.0000,89,240,7,0.1960,0.0298,-0.1007,0.6712,0.3050
sz300618,止盈成功,0.0980,4,0.1438,0.0000,70,240,10,0.3282,0.0113,-0.0973,0.7016,0.4982
sz002125,止盈成功,0.0750,5,0.0975,0.0000,84,240,11,0.1807,0.0188,-0.1404,0.6615,0.3603
sz002067,持仓到期,-0.0106,5,0.0352,-0.0169,161,240,6,0.2534,0.0194,-0.0896,0.4144,0.4335
sz300260,持仓到期,0.0292,5,0.0696,0.0000,128,200,7,0.3784,0.0357,-0.0736,1.1520,0.9116
sz002366,持仓到期,0.0234,6,0.0475,0.0000,114,240,7,0.2199,0.0294,-0.1249,0.4066,0.3882
sz002971,止盈成功,0.0980,3,0.1062,0.0000,85,240,8,0.2220,0.0314,-0.0731,0.5942,0.5294
sz300654,止盈成功,0.0980,3,0.0996,0.0000,72,240,8,0.3097,-0.0014,-0.0875,1.1169,0.5542
sz002734,持仓到期,-0.0142,6,0.0512,-0.0211,149,240,16,0.2507,0.0411,-0.2089,0.4787,0.4886
sz002167,止盈成功,0.0750,5,0.0923,0.0000,137,240,9,0.3580,0.0228,-0.1207,0.3791,0.4397
sz000657,止盈成功,0.0750,6,0.0792,-0.0099,175,60,9,0.4826,0.2273,-0.1248,0.6938,3.3865
sz002538,持仓到期,0.0433,3,0.0708,0.0000,110,90,9,0.2023,0.0459,-0.1585,2.9863,0.6488
sz002483,未成交,0.0000,0,0.0000,0.0000,48,240,16,0.2228,0.0037,-0.1375,0.5120,0.3020
sz002478,未成交,0.0000,0,0.0000,0.0000,149,60,7,0.3216,0.1133,-0.1093,0.6829,1.5450
sz300078,持仓到期,0.0208,6,0.0868,0.0000,88,240,9,0.3280,0.0036,-0.0940,0.8964,1.0405
sz002961,持仓到期,0.0541,5,0.0678,-0.0034,186,240,4,0.2677,0.0375,-0.2000,0.5424,0.6336
